#include <iostream>
#include <vector>
#include "vecinoMasCercano.h"
#include "printTour.h"

using namespace std;

double distancia = 0;
vector<vector<double>> Matriz10 = {
    {0.0, 28.0, 41.0, 31.0, 61.0, 32.0, 21.0, 42.0, 8.0, 56.0},
    {28.0, 0.0, 41.0, 35.0, 61.0, 52.0, 35.0, 15.0, 35.0, 30.0},
    {41.0, 41.0, 0.0, 9.0, 21.0, 32.0, 22.0, 44.0, 40.0, 47.0},
    {31.0, 35.0, 9.0, 0.0, 30.0, 27.0, 13.0, 40.0, 31.0, 47.0},
    {61.0, 61.0, 21.0, 30.0, 0.0, 45.0, 41.0, 61.0, 60.0, 60.0},
    {32.0, 52.0, 32.0, 27.0, 45.0, 0.0, 17.0, 63.0, 25.0, 72.0},
    {21.0, 35.0, 22.0, 13.0, 41.0, 17.0, 0.0, 45.0, 19.0, 55.0},
    {42.0, 15.0, 44.0, 40.0, 61.0, 63.0, 45.0, 0.0, 49.0, 16.0},
    {8.0, 35.0, 40.0, 31.0, 60.0, 25.0, 19.0, 49.0, 0.0, 62.0},
    {56.0, 30.0, 47.0, 47.0, 60.0, 72.0, 55.0, 16.0, 62.0, 0.0}};

vector<vector<double>> matriz52 = {
    {0.0, 666.0, 281.0, 396.0, 291.0, 326.0, 641.0, 427.0, 600.0, 561.0, 1041.0, 655.0, 975.0, 1121.0, 299.0, 260.0, 430.0, 162.0, 305.0, 210.0, 287.0, 46.0, 181.0, 275.0, 410.0, 729.0, 799.0, 707.0, 406.0, 360.0, 146.0, 91.0, 827.0, 135.0, 122.0, 125.0, 208.0, 240.0, 166.0, 209.0, 395.0, 566.0, 464.0, 154.0, 240.0, 280.0, 791.0, 267.0, 64.0, 217.0, 789.0, 1220.0},
    {666.0, 0.0, 649.0, 1047.0, 945.0, 978.0, 45.0, 956.0, 1135.0, 1133.0, 1639.0, 1259.0, 1440.0, 1516.0, 958.0, 724.0, 495.0, 595.0, 843.0, 564.0, 392.0, 636.0, 510.0, 922.0, 1029.0, 1192.0, 1302.0, 1244.0, 635.0, 390.0, 541.0, 730.0, 1489.0, 782.0, 777.0, 785.0, 858.0, 897.0, 828.0, 870.0, 896.0, 103.0, 1124.0, 745.0, 823.0, 859.0, 1151.0, 910.0, 728.0, 596.0, 1422.0, 1716.0},
    {281.0, 649.0, 0.0, 604.0, 509.0, 543.0, 611.0, 308.0, 486.0, 487.0, 1267.0, 891.0, 1248.0, 1400.0, 505.0, 537.0, 217.0, 135.0, 207.0, 441.0, 289.0, 241.0, 361.0, 506.0, 653.0, 1006.0, 1068.0, 970.0, 651.0, 504.0, 209.0, 245.0, 903.0, 394.0, 374.0, 368.0, 447.0, 462.0, 392.0, 427.0, 247.0, 550.0, 557.0, 434.0, 220.0, 553.0, 1072.0, 505.0, 288.0, 463.0, 995.0, 1484.0},
    {396.0, 1047.0, 604.0, 0.0, 104.0, 70.0, 1026.0, 525.0, 611.0, 534.0, 663.0, 294.0, 711.0, 897.0, 100.0, 384.0, 800.0, 532.0, 475.0, 501.0, 681.0, 437.0, 538.0, 125.0, 109.0, 516.0, 527.0, 417.0, 580.0, 690.0, 541.0, 371.0, 517.0, 267.0, 275.0, 271.0, 190.0, 155.0, 230.0, 188.0, 545.0, 950.0, 245.0, 307.0, 411.0, 231.0, 660.0, 137.0, 345.0, 478.0, 397.0, 909.0},
    {291.0, 945.0, 509.0, 104.0, 0.0, 35.0, 924.0, 471.0, 584.0, 513.0, 761.0, 382.0, 769.0, 944.0, 25.0, 309.0, 700.0, 430.0, 401.0, 407.0, 577.0, 332.0, 437.0, 32.0, 150.0, 552.0, 584.0, 479.0, 510.0, 594.0, 437.0, 270.0, 590.0, 163.0, 171.0, 166.0, 87.0, 51.0, 127.0, 85.0, 480.0, 848.0, 267.0, 212.0, 331.0, 171.0, 674.0, 47.0, 242.0, 387.0, 500.0, 984.0},
    {326.0, 978.0, 543.0, 70.0, 35.0, 0.0, 957.0, 492.0, 596.0, 523.0, 726.0, 349.0, 744.0, 923.0, 40.0, 329.0, 735.0, 466.0, 428.0, 435.0, 612.0, 368.0, 469.0, 57.0, 124.0, 533.0, 559.0, 452.0, 528.0, 624.0, 472.0, 305.0, 568.0, 197.0, 206.0, 201.0, 121.0, 86.0, 162.0, 120.0, 504.0, 881.0, 260.0, 241.0, 360.0, 182.0, 662.0, 71.0, 277.0, 414.0, 465.0, 955.0},
    {641.0, 45.0, 611.0, 1026.0, 924.0, 957.0, 0.0, 918.0, 1096.0, 1096.0, 1627.0, 1245.0, 1440.0, 1522.0, 935.0, 714.0, 451.0, 562.0, 807.0, 552.0, 362.0, 609.0, 491.0, 901.0, 1012.0, 1190.0, 1298.0, 1237.0, 637.0, 386.0, 512.0, 701.0, 1460.0, 760.0, 754.0, 762.0, 836.0, 875.0, 804.0, 847.0, 858.0, 76.0, 1095.0, 727.0, 789.0, 844.0, 1157.0, 890.0, 702.0, 585.0, 1405.0, 1715.0},
    {427.0, 956.0, 308.0, 525.0, 471.0, 492.0, 918.0, 0.0, 183.0, 180.0, 1145.0, 812.0, 1234.0, 1414.0, 453.0, 661.0, 507.0, 381.0, 126.0, 636.0, 580.0, 415.0, 587.0, 487.0, 616.0, 1023.0, 1049.0, 941.0, 831.0, 759.0, 457.0, 339.0, 645.0, 455.0, 435.0, 422.0, 461.0, 446.0, 414.0, 422.0, 64.0, 856.0, 359.0, 530.0, 187.0, 599.0, 1136.0, 495.0, 383.0, 644.0, 860.0, 1430.0},
    {600.0, 1135.0, 486.0, 611.0, 584.0, 596.0, 1096.0, 183.0, 0.0, 83.0, 1166.0, 874.0, 1317.0, 1507.0, 561.0, 818.0, 670.0, 565.0, 308.0, 810.0, 763.0, 593.0, 767.0, 606.0, 714.0, 1126.0, 1135.0, 1024.0, 998.0, 940.0, 640.0, 510.0, 570.0, 607.0, 589.0, 575.0, 596.0, 572.0, 558.0, 555.0, 239.0, 1036.0, 390.0, 686.0, 361.0, 734.0, 1257.0, 618.0, 551.0, 815.0, 883.0, 1487.0},
    {561.0, 1133.0, 487.0, 534.0, 513.0, 523.0, 1096.0, 180.0, 83.0, 0.0, 1083.0, 792.0, 1237.0, 1428.0, 490.0, 764.0, 686.0, 548.0, 291.0, 770.0, 751.0, 560.0, 735.0, 538.0, 639.0, 1050.0, 1055.0, 945.0, 950.0, 912.0, 619.0, 471.0, 501.0, 552.0, 536.0, 521.0, 534.0, 506.0, 500.0, 492.0, 244.0, 1032.0, 308.0, 632.0, 329.0, 670.0, 1185.0, 550.0, 507.0, 772.0, 800.0, 1404.0},
    {1041.0, 1639.0, 1267.0, 663.0, 761.0, 726.0, 1627.0, 1145.0, 1166.0, 1083.0, 0.0, 387.0, 443.0, 620.0, 762.0, 915.0, 1461.0, 1190.0, 1124.0, 1076.0, 1314.0, 1086.0, 1144.0, 770.0, 631.0, 541.0, 417.0, 418.0, 1042.0, 1251.0, 1187.0, 1031.0, 706.0, 906.0, 920.0, 920.0, 835.0, 810.0, 885.0, 846.0, 1180.0, 1552.0, 789.0, 913.0, 1068.0, 787.0, 705.0, 775.0, 1000.0, 1043.0, 285.0, 399.0},
    {655.0, 1259.0, 891.0, 294.0, 382.0, 349.0, 1245.0, 812.0, 874.0, 792.0, 387.0, 0.0, 452.0, 653.0, 388.0, 538.0, 1078.0, 807.0, 769.0, 694.0, 927.0, 700.0, 758.0, 388.0, 245.0, 335.0, 283.0, 182.0, 688.0, 875.0, 800.0, 651.0, 584.0, 520.0, 535.0, 536.0, 451.0, 430.0, 503.0, 465.0, 836.0, 1170.0, 484.0, 526.0, 705.0, 401.0, 517.0, 391.0, 617.0, 663.0, 188.0, 619.0},
    {975.0, 1440.0, 1248.0, 711.0, 769.0, 744.0, 1440.0, 1234.0, 1317.0, 1237.0, 443.0, 452.0, 0.0, 206.0, 784.0, 759.0, 1400.0, 1137.0, 1169.0, 920.0, 1195.0, 1020.0, 1008.0, 760.0, 620.0, 254.0, 185.0, 294.0, 805.0, 1056.0, 1104.0, 1004.0, 1010.0, 854.0, 874.0, 881.0, 807.0, 804.0, 863.0, 836.0, 1248.0, 1371.0, 931.0, 822.0, 1098.0, 696.0, 324.0, 756.0, 959.0, 885.0, 540.0, 279.0},
    {1121.0, 1516.0, 1400.0, 897.0, 944.0, 923.0, 1522.0, 1414.0, 1507.0, 1428.0, 620.0, 653.0, 206.0, 0.0, 962.0, 884.0, 1534.0, 1281.0, 1341.0, 1035.0, 1313.0, 1165.0, 1127.0, 931.0, 799.0, 396.0, 374.0, 484.0, 887.0, 1146.0, 1239.0, 1161.0, 1216.0, 1010.0, 1031.0, 1039.0, 971.0, 975.0, 1026.0, 1004.0, 1423.0, 1457.0, 1125.0, 966.0, 1268.0, 849.0, 365.0, 925.0, 1114.0, 1000.0, 745.0, 319.0},
    {299.0, 958.0, 505.0, 100.0, 25.0, 40.0, 935.0, 453.0, 561.0, 490.0, 762.0, 388.0, 784.0, 962.0, 0.0, 332.0, 700.0, 432.0, 388.0, 425.0, 586.0, 339.0, 451.0, 56.0, 164.0, 571.0, 599.0, 492.0, 533.0, 612.0, 443.0, 270.0, 569.0, 176.0, 181.0, 175.0, 103.0, 61.0, 133.0, 90.0, 464.0, 860.0, 242.0, 231.0, 320.0, 196.0, 696.0, 72.0, 246.0, 406.0, 497.0, 995.0},
    {260.0, 724.0, 537.0, 384.0, 309.0, 329.0, 714.0, 661.0, 818.0, 764.0, 915.0, 538.0, 759.0, 884.0, 332.0, 0.0, 651.0, 408.0, 549.0, 165.0, 435.0, 297.0, 249.0, 278.0, 326.0, 506.0, 598.0, 526.0, 201.0, 337.0, 357.0, 331.0, 897.0, 211.0, 229.0, 243.0, 244.0, 284.0, 265.0, 282.0, 641.0, 640.0, 570.0, 132.0, 476.0, 156.0, 539.0, 262.0, 282.0, 130.0, 710.0, 1023.0},
    {430.0, 495.0, 217.0, 800.0, 700.0, 735.0, 451.0, 507.0, 670.0, 686.0, 1461.0, 1078.0, 1400.0, 1534.0, 700.0, 651.0, 0.0, 272.0, 421.0, 512.0, 253.0, 383.0, 418.0, 691.0, 834.0, 1149.0, 1226.0, 1136.0, 707.0, 492.0, 296.0, 430.0, 1120.0, 561.0, 545.0, 543.0, 627.0, 650.0, 576.0, 615.0, 443.0, 408.0, 773.0, 579.0, 437.0, 708.0, 1188.0, 687.0, 462.0, 544.0, 1197.0, 1649.0},
    {162.0, 595.0, 135.0, 532.0, 430.0, 466.0, 562.0, 381.0, 565.0, 548.0, 1190.0, 807.0, 1137.0, 1281.0, 432.0, 408.0, 272.0, 0.0, 258.0, 306.0, 205.0, 116.0, 229.0, 420.0, 563.0, 890.0, 960.0, 867.0, 517.0, 385.0, 80.0, 163.0, 903.0, 290.0, 273.0, 271.0, 356.0, 380.0, 305.0, 345.0, 330.0, 493.0, 541.0, 315.0, 228.0, 441.0, 946.0, 416.0, 190.0, 329.0, 929.0, 1381.0},
    {305.0, 843.0, 207.0, 475.0, 401.0, 428.0, 807.0, 126.0, 308.0, 291.0, 1124.0, 769.0, 1169.0, 1341.0, 388.0, 549.0, 421.0, 258.0, 0.0, 512.0, 461.0, 290.0, 461.0, 410.0, 551.0, 945.0, 985.0, 879.0, 711.0, 633.0, 332.0, 220.0, 701.0, 351.0, 330.0, 318.0, 371.0, 366.0, 319.0, 336.0, 92.0, 742.0, 368.0, 420.0, 75.0, 504.0, 1045.0, 415.0, 267.0, 522.0, 843.0, 1382.0},
    {210.0, 564.0, 441.0, 501.0, 407.0, 435.0, 552.0, 636.0, 810.0, 770.0, 1076.0, 694.0, 920.0, 1035.0, 425.0, 165.0, 512.0, 306.0, 512.0, 0.0, 279.0, 224.0, 94.0, 378.0, 467.0, 666.0, 762.0, 691.0, 210.0, 189.0, 236.0, 300.0, 990.0, 257.0, 262.0, 275.0, 323.0, 366.0, 314.0, 348.0, 601.0, 477.0, 638.0, 194.0, 450.0, 295.0, 680.0, 365.0, 264.0, 35.0, 859.0, 1186.0},
    {287.0, 392.0, 289.0, 681.0, 577.0, 612.0, 362.0, 580.0, 763.0, 751.0, 1314.0, 927.0, 1195.0, 1313.0, 586.0, 435.0, 253.0, 205.0, 461.0, 279.0, 0.0, 251.0, 187.0, 558.0, 685.0, 941.0, 1031.0, 952.0, 459.0, 242.0, 150.0, 340.0, 1098.0, 416.0, 406.0, 411.0, 492.0, 527.0, 453.0, 496.0, 525.0, 290.0, 733.0, 402.0, 433.0, 530.0, 958.0, 549.0, 344.0, 313.0, 1072.0, 1457.0},
    {46.0, 636.0, 241.0, 437.0, 332.0, 368.0, 609.0, 415.0, 593.0, 560.0, 1086.0, 700.0, 1020.0, 1165.0, 339.0, 297.0, 383.0, 116.0, 290.0, 224.0, 251.0, 0.0, 175.0, 318.0, 455.0, 774.0, 844.0, 753.0, 429.0, 353.0, 104.0, 97.0, 853.0, 180.0, 165.0, 167.0, 251.0, 281.0, 206.0, 249.0, 378.0, 535.0, 488.0, 199.0, 233.0, 326.0, 832.0, 311.0, 94.0, 237.0, 832.0, 1266.0},
    {181.0, 510.0, 361.0, 538.0, 437.0, 469.0, 491.0, 587.0, 767.0, 735.0, 1144.0, 758.0, 1008.0, 1127.0, 451.0, 249.0, 418.0, 229.0, 461.0, 94.0, 187.0, 175.0, 0.0, 412.0, 522.0, 754.0, 846.0, 770.0, 296.0, 179.0, 152.0, 267.0, 1002.0, 275.0, 273.0, 283.0, 349.0, 390.0, 326.0, 366.0, 545.0, 415.0, 641.0, 236.0, 407.0, 357.0, 774.0, 401.0, 244.0, 127.0, 914.0, 1271.0},
    {275.0, 922.0, 506.0, 125.0, 32.0, 57.0, 901.0, 487.0, 606.0, 538.0, 770.0, 388.0, 760.0, 931.0, 56.0, 278.0, 691.0, 420.0, 410.0, 378.0, 558.0, 318.0, 412.0, 0.0, 147.0, 537.0, 576.0, 472.0, 478.0, 567.0, 421.0, 263.0, 621.0, 142.0, 153.0, 151.0, 67.0, 45.0, 115.0, 79.0, 492.0, 825.0, 298.0, 184.0, 338.0, 140.0, 653.0, 16.0, 230.0, 358.0, 515.0, 982.0},
    {410.0, 1029.0, 653.0, 109.0, 150.0, 124.0, 1012.0, 616.0, 714.0, 639.0, 631.0, 245.0, 620.0, 799.0, 164.0, 326.0, 834.0, 563.0, 551.0, 467.0, 685.0, 455.0, 522.0, 147.0, 0.0, 412.0, 435.0, 329.0, 509.0, 654.0, 556.0, 409.0, 606.0, 275.0, 290.0, 292.0, 207.0, 191.0, 261.0, 226.0, 628.0, 936.0, 354.0, 286.0, 481.0, 173.0, 551.0, 148.0, 373.0, 439.0, 393.0, 835.0},
    {729.0, 1192.0, 1006.0, 516.0, 552.0, 533.0, 1190.0, 1023.0, 1126.0, 1050.0, 541.0, 335.0, 254.0, 396.0, 571.0, 506.0, 1149.0, 890.0, 945.0, 666.0, 941.0, 774.0, 754.0, 537.0, 412.0, 0.0, 126.0, 159.0, 559.0, 805.0, 853.0, 766.0, 917.0, 614.0, 635.0, 644.0, 576.0, 580.0, 630.0, 609.0, 1029.0, 1120.0, 756.0, 575.0, 872.0, 454.0, 186.0, 531.0, 719.0, 631.0, 496.0, 525.0},
    {799.0, 1302.0, 1068.0, 527.0, 584.0, 559.0, 1298.0, 1049.0, 1135.0, 1055.0, 417.0, 283.0, 185.0, 374.0, 599.0, 598.0, 1226.0, 960.0, 985.0, 762.0, 1031.0, 844.0, 846.0, 576.0, 435.0, 126.0, 0.0, 110.0, 674.0, 912.0, 931.0, 823.0, 862.0, 674.0, 694.0, 700.0, 624.0, 620.0, 680.0, 653.0, 1063.0, 1226.0, 751.0, 647.0, 914.0, 519.0, 292.0, 572.0, 779.0, 726.0, 410.0, 426.0},
    {707.0, 1244.0, 970.0, 417.0, 479.0, 452.0, 1237.0, 941.0, 1024.0, 945.0, 418.0, 182.0, 294.0, 484.0, 492.0, 526.0, 1136.0, 867.0, 879.0, 691.0, 952.0, 753.0, 770.0, 472.0, 329.0, 159.0, 110.0, 0.0, 630.0, 853.0, 844.0, 725.0, 767.0, 579.0, 598.0, 603.0, 524.0, 517.0, 580.0, 550.0, 956.0, 1163.0, 641.0, 559.0, 809.0, 429.0, 344.0, 470.0, 683.0, 656.0, 337.0, 514.0},
    {406.0, 635.0, 651.0, 580.0, 510.0, 528.0, 637.0, 831.0, 998.0, 950.0, 1042.0, 688.0, 805.0, 887.0, 533.0, 201.0, 707.0, 517.0, 711.0, 210.0, 459.0, 429.0, 296.0, 478.0, 509.0, 559.0, 674.0, 630.0, 0.0, 260.0, 445.0, 492.0, 1096.0, 402.0, 416.0, 431.0, 444.0, 484.0, 459.0, 481.0, 802.0, 571.0, 771.0, 322.0, 644.0, 349.0, 523.0, 462.0, 448.0, 191.0, 871.0, 1082.0},
    {360.0, 390.0, 504.0, 690.0, 594.0, 624.0, 386.0, 759.0, 940.0, 912.0, 1251.0, 875.0, 1056.0, 1146.0, 612.0, 337.0, 492.0, 385.0, 633.0, 189.0, 242.0, 353.0, 179.0, 567.0, 654.0, 805.0, 912.0, 853.0, 260.0, 0.0, 305.0, 447.0, 1173.0, 439.0, 441.0, 453.0, 509.0, 552.0, 494.0, 532.0, 713.0, 315.0, 816.0, 383.0, 583.0, 481.0, 782.0, 553.0, 423.0, 215.0, 1044.0, 1330.0},
    {146.0, 541.0, 209.0, 541.0, 437.0, 472.0, 512.0, 457.0, 640.0, 619.0, 1187.0, 800.0, 1104.0, 1239.0, 443.0, 357.0, 296.0, 80.0, 332.0, 236.0, 150.0, 104.0, 152.0, 421.0, 556.0, 853.0, 931.0, 844.0, 445.0, 305.0, 0.0, 190.0, 948.0, 281.0, 268.0, 271.0, 354.0, 386.0, 310.0, 353.0, 409.0, 439.0, 583.0, 285.0, 293.0, 416.0, 896.0, 414.0, 198.0, 262.0, 936.0, 1356.0},
    {91.0, 730.0, 245.0, 371.0, 270.0, 305.0, 701.0, 339.0, 510.0, 471.0, 1031.0, 651.0, 1004.0, 1161.0, 270.0, 331.0, 430.0, 163.0, 220.0, 300.0, 340.0, 97.0, 267.0, 263.0, 409.0, 766.0, 823.0, 725.0, 492.0, 447.0, 190.0, 0.0, 759.0, 151.0, 130.0, 123.0, 203.0, 221.0, 148.0, 186.0, 311.0, 628.0, 394.0, 207.0, 151.0, 312.0, 845.0, 261.0, 50.0, 306.0, 767.0, 1238.0},
    {827.0, 1489.0, 903.0, 517.0, 590.0, 568.0, 1460.0, 645.0, 570.0, 501.0, 706.0, 584.0, 1010.0, 1216.0, 569.0, 897.0, 1120.0, 903.0, 701.0, 990.0, 1098.0, 853.0, 1002.0, 621.0, 606.0, 917.0, 862.0, 767.0, 1096.0, 1173.0, 948.0, 759.0, 0.0, 734.0, 732.0, 720.0, 669.0, 625.0, 679.0, 642.0, 704.0, 1387.0, 365.0, 799.0, 688.0, 747.0, 1095.0, 636.0, 764.0, 974.0, 475.0, 1089.0},
    {135.0, 782.0, 394.0, 267.0, 163.0, 197.0, 760.0, 455.0, 607.0, 552.0, 906.0, 520.0, 854.0, 1010.0, 176.0, 211.0, 561.0, 290.0, 351.0, 257.0, 416.0, 180.0, 275.0, 142.0, 275.0, 614.0, 674.0, 579.0, 402.0, 439.0, 281.0, 151.0, 734.0, 0.0, 21.0, 34.0, 76.0, 115.0, 59.0, 92.0, 442.0, 684.0, 382.0, 80.0, 276.0, 161.0, 697.0, 133.0, 105.0, 244.0, 656.0, 1093.0},
    {122.0, 777.0, 374.0, 275.0, 171.0, 206.0, 754.0, 435.0, 589.0, 536.0, 920.0, 535.0, 874.0, 1031.0, 181.0, 229.0, 545.0, 273.0, 330.0, 262.0, 406.0, 165.0, 273.0, 153.0, 290.0, 635.0, 694.0, 598.0, 416.0, 441.0, 268.0, 130.0, 732.0, 21.0, 0.0, 15.0, 86.0, 121.0, 53.0, 93.0, 421.0, 678.0, 376.0, 96.0, 256.0, 182.0, 718.0, 146.0, 85.0, 252.0, 668.0, 1112.0},
    {125.0, 785.0, 368.0, 271.0, 166.0, 201.0, 762.0, 422.0, 575.0, 521.0, 920.0, 536.0, 881.0, 1039.0, 175.0, 243.0, 543.0, 271.0, 318.0, 275.0, 411.0, 167.0, 283.0, 151.0, 292.0, 644.0, 700.0, 603.0, 431.0, 453.0, 271.0, 123.0, 720.0, 34.0, 15.0, 0.0, 85.0, 115.0, 43.0, 85.0, 408.0, 686.0, 364.0, 111.0, 243.0, 191.0, 730.0, 145.0, 81.0, 266.0, 665.0, 1116.0},
    {208.0, 858.0, 447.0, 190.0, 87.0, 121.0, 836.0, 461.0, 596.0, 534.0, 835.0, 451.0, 807.0, 971.0, 103.0, 244.0, 627.0, 356.0, 371.0, 323.0, 492.0, 251.0, 349.0, 67.0, 207.0, 576.0, 624.0, 524.0, 444.0, 509.0, 354.0, 203.0, 669.0, 76.0, 86.0, 85.0, 0.0, 43.0, 56.0, 41.0, 458.0, 760.0, 327.0, 130.0, 297.0, 139.0, 676.0, 60.0, 166.0, 305.0, 581.0, 1036.0},
    {240.0, 897.0, 462.0, 155.0, 51.0, 86.0, 875.0, 446.0, 572.0, 506.0, 810.0, 430.0, 804.0, 975.0, 61.0, 284.0, 650.0, 380.0, 366.0, 366.0, 527.0, 281.0, 390.0, 45.0, 191.0, 580.0, 620.0, 517.0, 484.0, 552.0, 386.0, 221.0, 625.0, 115.0, 121.0, 115.0, 43.0, 0.0, 76.0, 35.0, 449.0, 799.0, 286.0, 173.0, 294.0, 164.0, 691.0, 49.0, 191.0, 348.0, 551.0, 1026.0},
    {166.0, 828.0, 392.0, 230.0, 127.0, 162.0, 804.0, 414.0, 558.0, 500.0, 885.0, 503.0, 863.0, 1026.0, 133.0, 265.0, 576.0, 305.0, 319.0, 314.0, 453.0, 206.0, 326.0, 115.0, 261.0, 630.0, 680.0, 580.0, 459.0, 494.0, 310.0, 148.0, 679.0, 59.0, 53.0, 43.0, 56.0, 76.0, 0.0, 43.0, 407.0, 729.0, 324.0, 136.0, 244.0, 186.0, 726.0, 113.0, 115.0, 302.0, 626.0, 1092.0},
    {209.0, 870.0, 427.0, 188.0, 85.0, 120.0, 847.0, 422.0, 555.0, 492.0, 846.0, 465.0, 836.0, 1004.0, 90.0, 282.0, 615.0, 345.0, 336.0, 348.0, 496.0, 249.0, 366.0, 79.0, 226.0, 609.0, 653.0, 550.0, 481.0, 532.0, 353.0, 186.0, 642.0, 92.0, 93.0, 85.0, 41.0, 35.0, 43.0, 0.0, 421.0, 771.0, 293.0, 162.0, 263.0, 179.0, 714.0, 81.0, 157.0, 334.0, 585.0, 1060.0},
    {395.0, 896.0, 247.0, 545.0, 480.0, 504.0, 858.0, 64.0, 239.0, 244.0, 1180.0, 836.0, 1248.0, 1423.0, 464.0, 641.0, 443.0, 330.0, 92.0, 601.0, 525.0, 378.0, 545.0, 492.0, 628.0, 1029.0, 1063.0, 956.0, 802.0, 713.0, 409.0, 311.0, 704.0, 442.0, 421.0, 408.0, 458.0, 449.0, 407.0, 421.0, 0.0, 796.0, 402.0, 512.0, 166.0, 593.0, 1133.0, 499.0, 359.0, 612.0, 896.0, 1453.0},
    {566.0, 103.0, 550.0, 950.0, 848.0, 881.0, 76.0, 856.0, 1036.0, 1032.0, 1552.0, 1170.0, 1371.0, 1457.0, 860.0, 640.0, 408.0, 493.0, 742.0, 477.0, 290.0, 535.0, 415.0, 825.0, 936.0, 1120.0, 1226.0, 1163.0, 571.0, 315.0, 439.0, 628.0, 1387.0, 684.0, 678.0, 686.0, 760.0, 799.0, 729.0, 771.0, 796.0, 0.0, 1022.0, 651.0, 721.0, 769.0, 1093.0, 814.0, 627.0, 510.0, 1329.0, 1645.0},
    {464.0, 1124.0, 557.0, 245.0, 267.0, 260.0, 1095.0, 359.0, 390.0, 308.0, 789.0, 484.0, 931.0, 1125.0, 242.0, 570.0, 773.0, 541.0, 368.0, 638.0, 733.0, 488.0, 641.0, 298.0, 354.0, 756.0, 751.0, 641.0, 771.0, 816.0, 583.0, 394.0, 365.0, 382.0, 376.0, 364.0, 327.0, 286.0, 324.0, 293.0, 402.0, 1022.0, 0.0, 455.0, 337.0, 437.0, 904.0, 313.0, 400.0, 626.0, 504.0, 1097.0},
    {154.0, 745.0, 434.0, 307.0, 212.0, 241.0, 727.0, 530.0, 686.0, 632.0, 913.0, 526.0, 822.0, 966.0, 231.0, 132.0, 579.0, 315.0, 420.0, 194.0, 402.0, 199.0, 236.0, 184.0, 286.0, 575.0, 647.0, 559.0, 322.0, 383.0, 285.0, 207.0, 799.0, 80.0, 96.0, 111.0, 130.0, 173.0, 136.0, 162.0, 512.0, 651.0, 455.0, 0.0, 347.0, 131.0, 640.0, 170.0, 157.0, 175.0, 678.0, 1071.0},
    {240.0, 823.0, 220.0, 411.0, 331.0, 360.0, 789.0, 187.0, 361.0, 329.0, 1068.0, 705.0, 1098.0, 1268.0, 320.0, 476.0, 437.0, 228.0, 75.0, 450.0, 433.0, 233.0, 407.0, 338.0, 481.0, 872.0, 914.0, 809.0, 644.0, 583.0, 293.0, 151.0, 688.0, 276.0, 256.0, 243.0, 297.0, 294.0, 244.0, 263.0, 166.0, 721.0, 337.0, 347.0, 0.0, 430.0, 970.0, 343.0, 196.0, 457.0, 790.0, 1315.0},
    {280.0, 859.0, 553.0, 231.0, 171.0, 182.0, 844.0, 599.0, 734.0, 670.0, 787.0, 401.0, 696.0, 849.0, 196.0, 156.0, 708.0, 441.0, 504.0, 295.0, 530.0, 326.0, 357.0, 140.0, 173.0, 454.0, 519.0, 429.0, 349.0, 481.0, 416.0, 312.0, 747.0, 161.0, 182.0, 191.0, 139.0, 164.0, 186.0, 179.0, 593.0, 769.0, 437.0, 131.0, 430.0, 0.0, 540.0, 125.0, 265.0, 266.0, 564.0, 941.0},
    {791.0, 1151.0, 1072.0, 660.0, 674.0, 662.0, 1157.0, 1136.0, 1257.0, 1185.0, 705.0, 517.0, 324.0, 365.0, 696.0, 539.0, 1188.0, 946.0, 1045.0, 680.0, 958.0, 832.0, 774.0, 653.0, 551.0, 186.0, 292.0, 344.0, 523.0, 782.0, 896.0, 845.0, 1095.0, 697.0, 718.0, 730.0, 676.0, 691.0, 726.0, 714.0, 1133.0, 1093.0, 904.0, 640.0, 970.0, 540.0, 0.0, 642.0, 796.0, 646.0, 682.0, 598.0},
    {267.0, 910.0, 505.0, 137.0, 47.0, 71.0, 890.0, 495.0, 618.0, 550.0, 775.0, 391.0, 756.0, 925.0, 72.0, 262.0, 687.0, 416.0, 415.0, 365.0, 549.0, 311.0, 401.0, 16.0, 148.0, 531.0, 572.0, 470.0, 462.0, 553.0, 414.0, 261.0, 636.0, 133.0, 146.0, 145.0, 60.0, 49.0, 113.0, 81.0, 499.0, 814.0, 313.0, 170.0, 343.0, 125.0, 642.0, 0.0, 225.0, 343.0, 523.0, 980.0},
    {64.0, 728.0, 288.0, 345.0, 242.0, 277.0, 702.0, 383.0, 551.0, 507.0, 1000.0, 617.0, 959.0, 1114.0, 246.0, 282.0, 462.0, 190.0, 267.0, 264.0, 344.0, 94.0, 244.0, 230.0, 373.0, 719.0, 779.0, 683.0, 448.0, 423.0, 198.0, 50.0, 764.0, 105.0, 85.0, 81.0, 166.0, 191.0, 115.0, 157.0, 359.0, 627.0, 400.0, 157.0, 196.0, 265.0, 796.0, 225.0, 0.0, 265.0, 742.0, 1197.0},
    {217.0, 596.0, 463.0, 478.0, 387.0, 414.0, 585.0, 644.0, 815.0, 772.0, 1043.0, 663.0, 885.0, 1000.0, 406.0, 130.0, 544.0, 329.0, 522.0, 35.0, 313.0, 237.0, 127.0, 358.0, 439.0, 631.0, 726.0, 656.0, 191.0, 215.0, 262.0, 306.0, 974.0, 244.0, 252.0, 266.0, 305.0, 348.0, 302.0, 334.0, 612.0, 510.0, 626.0, 175.0, 457.0, 266.0, 646.0, 343.0, 265.0, 0.0, 830.0, 1151.0},
    {789.0, 1422.0, 995.0, 397.0, 500.0, 465.0, 1405.0, 860.0, 883.0, 800.0, 285.0, 188.0, 540.0, 745.0, 497.0, 710.0, 1197.0, 929.0, 843.0, 859.0, 1072.0, 832.0, 914.0, 515.0, 393.0, 496.0, 410.0, 337.0, 871.0, 1044.0, 936.0, 767.0, 475.0, 656.0, 668.0, 665.0, 581.0, 551.0, 626.0, 585.0, 896.0, 1329.0, 504.0, 678.0, 790.0, 564.0, 682.0, 523.0, 742.0, 830.0, 0.0, 625.0},
    {1220.0, 1716.0, 1484.0, 909.0, 984.0, 955.0, 1715.0, 1430.0, 1487.0, 1404.0, 399.0, 619.0, 279.0, 319.0, 995.0, 1023.0, 1649.0, 1381.0, 1382.0, 1186.0, 1457.0, 1266.0, 1271.0, 982.0, 835.0, 525.0, 426.0, 514.0, 1082.0, 1330.0, 1356.0, 1238.0, 1089.0, 1093.0, 1112.0, 1116.0, 1036.0, 1026.0, 1092.0, 1060.0, 1453.0, 1645.0, 1097.0, 1071.0, 1315.0, 941.0, 598.0, 980.0, 1197.0, 1151.0, 625.0, 0.0},
};

vector<vector<double>> matriz76 = {
    {0.0, 1118.0, 3621.0, 3891.0, 5206.0, 4884.0, 4650.0, 4975.0, 6248.0, 6408.0, 8009.0, 7803.0, 8500.0, 8664.0, 9414.0, 9522.0, 9031.0, 9408.0, 6180.0, 5561.0, 3833.0, 3050.0, 1931.0, 4750.0, 4366.0, 6792.0, 7403.0, 8291.0, 7410.0, 6647.0, 6524.0, 8488.0, 8985.0, 10286.0, 9588.0, 9737.0, 9638.0, 11029.0, 11416.0, 11536.0, 12092.0, 9793.0, 9081.0, 8509.0, 7800.0, 6587.0, 9500.0, 9055.0, 11147.0, 11815.0, 12470.0, 11449.0, 10577.0, 10271.0, 12255.0, 12865.0, 13878.0, 12965.0, 12748.0, 12483.0, 14134.0, 14667.0, 15158.0, 15782.0, 14098.0, 13384.0, 13238.0, 12550.0, 11322.0, 16269.0, 17937.0, 18831.0, 18986.0, 10468.0, 3606.0, 3716.0},
    {1118.0, 0.0, 2926.0, 3360.0, 4556.0, 4049.0, 3684.0, 3950.0, 5393.0, 5640.0, 7204.0, 6894.0, 7517.0, 7650.0, 8502.0, 8661.0, 8298.0, 8727.0, 5766.0, 5092.0, 4200.0, 3688.0, 2860.0, 5344.0, 4750.0, 6806.0, 7464.0, 8194.0, 7224.0, 6394.0, 6178.0, 8176.0, 8731.0, 9915.0, 9128.0, 9155.0, 9005.0, 10490.0, 10928.0, 11187.0, 11774.0, 9783.0, 9067.0, 8950.0, 8360.0, 7252.0, 10050.0, 9500.0, 11367.0, 12052.0, 12596.0, 11537.0, 10645.0, 10288.0, 12237.0, 12875.0, 13778.0, 12815.0, 12500.0, 12197.0, 13890.0, 14456.0, 15052.0, 15691.0, 14258.0, 13551.0, 13700.0, 13088.0, 11922.0, 16886.0, 17994.0, 18784.0, 18924.0, 9361.0, 3640.0, 3829.0},
    {3621.0, 2926.0, 0.0, 700.0, 1629.0, 1368.0, 1628.0, 2193.0, 2700.0, 2789.0, 4398.0, 4307.0, 5168.0, 5441.0, 5900.0, 5941.0, 5413.0, 5814.0, 3002.0, 2290.0, 3572.0, 3963.0, 4209.0, 5022.0, 3991.0, 4750.0, 5450.0, 5818.0, 4740.0, 3842.0, 3489.0, 5464.0, 6082.0, 7110.0, 6256.0, 6231.0, 6080.0, 7574.0, 8032.0, 8390.0, 9003.0, 7501.0, 6807.0, 7748.0, 7536.0, 6850.0, 9081.0, 8271.0, 9500.0, 10200.0, 10496.0, 9391.0, 8485.0, 8041.0, 9876.0, 10551.0, 11264.0, 10240.0, 9801.0, 9458.0, 11183.0, 11783.0, 12514.0, 13170.0, 12193.0, 11513.0, 12346.0, 11958.0, 11012.0, 15891.0, 15687.0, 16304.0, 16420.0, 7865.0, 6471.0, 6690.0},
    {3891.0, 3360.0, 700.0, 0.0, 1369.0, 1628.0, 2163.0, 2746.0, 2789.0, 2700.0, 4308.0, 4397.0, 5361.0, 5686.0, 5941.0, 5900.0, 5202.0, 5536.0, 2421.0, 1733.0, 3100.0, 3669.0, 4150.0, 4539.0, 3465.0, 4050.0, 4750.0, 5139.0, 4074.0, 3185.0, 2873.0, 4867.0, 5464.0, 6566.0, 5768.0, 5849.0, 5748.0, 7156.0, 7574.0, 7842.0, 8442.0, 6817.0, 6119.0, 7087.0, 6921.0, 6308.0, 8438.0, 7605.0, 8800.0, 9500.0, 9802.0, 8699.0, 7793.0, 7355.0, 9205.0, 9876.0, 10621.0, 9609.0, 9208.0, 8881.0, 10595.0, 11183.0, 11877.0, 12530.0, 11498.0, 10817.0, 11660.0, 11290.0, 10367.0, 15227.0, 15014.0, 15658.0, 15779.0, 8285.0, 6976.0, 7179.0},
    {5206.0, 4556.0, 1629.0, 1369.0, 0.0, 1115.0, 2014.0, 2512.0, 1624.0, 1363.0, 2950.0, 3153.0, 4207.0, 4592.0, 4637.0, 4552.0, 3841.0, 4203.0, 1698.0, 1053.0, 4162.0, 4915.0, 5507.0, 5531.0, 4415.0, 4073.0, 4739.0, 4750.0, 3635.0, 2746.0, 2247.0, 4071.0, 4738.0, 5593.0, 4680.0, 4603.0, 4453.0, 5953.0, 6427.0, 6871.0, 7503.0, 6444.0, 5794.0, 7481.0, 7524.0, 7135.0, 8899.0, 7959.0, 8698.0, 9390.0, 9500.0, 8385.0, 7494.0, 6994.0, 8697.0, 9389.0, 9949.0, 8888.0, 8355.0, 7980.0, 9721.0, 10345.0, 11171.0, 11835.0, 11193.0, 10543.0, 11820.0, 11585.0, 10799.0, 15529.0, 14485.0, 14981.0, 15080.0, 7431.0, 8080.0, 8305.0},
    {4884.0, 4049.0, 1368.0, 1628.0, 1115.0, 0.0, 906.0, 1401.0, 1364.0, 1625.0, 3155.0, 2950.0, 3804.0, 4092.0, 4553.0, 4638.0, 4281.0, 4763.0, 2811.0, 2162.0, 4726.0, 5264.0, 5576.0, 6159.0, 5072.0, 5138.0, 5816.0, 5865.0, 4750.0, 3860.0, 3360.0, 5137.0, 5815.0, 6567.0, 5591.0, 5343.0, 5107.0, 6727.0, 7259.0, 7835.0, 8480.0, 7558.0, 6909.0, 8460.0, 8412.0, 7891.0, 9856.0, 8954.0, 9801.0, 10494.0, 10615.0, 9500.0, 8608.0, 8108.0, 9800.0, 10494.0, 11019.0, 9947.0, 9368.0, 8974.0, 10720.0, 11357.0, 12230.0, 12895.0, 12308.0, 11658.0, 12881.0, 12607.0, 11772.0, 16554.0, 15579.0, 16041.0, 16134.0, 6665.0, 7379.0, 7625.0},
    {4650.0, 3684.0, 1628.0, 2163.0, 2014.0, 906.0, 0.0, 583.0, 1860.0, 2343.0, 3697.0, 3228.0, 3850.0, 4031.0, 4827.0, 5033.0, 4912.0, 5449.0, 3712.0, 3050.0, 5197.0, 5561.0, 5645.0, 6647.0, 5602.0, 5972.0, 6659.0, 6760.0, 5645.0, 4750.0, 4261.0, 6039.0, 6720.0, 7438.0, 6439.0, 6114.0, 5836.0, 7504.0, 8062.0, 8698.0, 9349.0, 8455.0, 7800.0, 9205.0, 9081.0, 8457.0, 10577.0, 9712.0, 10668.0, 11364.0, 11509.0, 10394.0, 9500.0, 9005.0, 10706.0, 11399.0, 11921.0, 10845.0, 10250.0, 9849.0, 11595.0, 12238.0, 13127.0, 13793.0, 13203.0, 12550.0, 13695.0, 13384.0, 12502.0, 17328.0, 16485.0, 16939.0, 17029.0, 6255.0, 6766.0, 7027.0},
    {4975.0, 3950.0, 2193.0, 2746.0, 2512.0, 1401.0, 583.0, 0.0, 2000.0, 2594.0, 3763.0, 3129.0, 3585.0, 3700.0, 4682.0, 4965.0, 5020.0, 5597.0, 4200.0, 3563.0, 5766.0, 6091.0, 6100.0, 7216.0, 6178.0, 6525.0, 7208.0, 7259.0, 6145.0, 5259.0, 4750.0, 6462.0, 7151.0, 7782.0, 6751.0, 6338.0, 6021.0, 7725.0, 8310.0, 9027.0, 9685.0, 8950.0, 8305.0, 9783.0, 9664.0, 9035.0, 11158.0, 10288.0, 11201.0, 11895.0, 12009.0, 10894.0, 10004.0, 9500.0, 11165.0, 11861.0, 12333.0, 11247.0, 10611.0, 10195.0, 11940.0, 12594.0, 13524.0, 14191.0, 13700.0, 13053.0, 14258.0, 13957.0, 13083.0, 17902.0, 16925.0, 17335.0, 17418.0, 5737.0, 6799.0, 7072.0},
    {6248.0, 5393.0, 2700.0, 2789.0, 1624.0, 1364.0, 1860.0, 2000.0, 0.0, 700.0, 1843.0, 1615.0, 2595.0, 2968.0, 3200.0, 3276.0, 3054.0, 3607.0, 2864.0, 2460.0, 5769.0, 6452.0, 6886.0, 7152.0, 6037.0, 5464.0, 6082.0, 5816.0, 4739.0, 3946.0, 3371.0, 4750.0, 5450.0, 5883.0, 4816.0, 4341.0, 4022.0, 5727.0, 6320.0, 7100.0, 7764.0, 7447.0, 6866.0, 8975.0, 9095.0, 8754.0, 10411.0, 9430.0, 9876.0, 10551.0, 10495.0, 9390.0, 8533.0, 7991.0, 9500.0, 10200.0, 10533.0, 9429.0, 8723.0, 8286.0, 10024.0, 10690.0, 11689.0, 12356.0, 12159.0, 11548.0, 13150.0, 12997.0, 12287.0, 16927.0, 15179.0, 15489.0, 15559.0, 5858.0, 8618.0, 8875.0},
    {6408.0, 5640.0, 2789.0, 2700.0, 1363.0, 1625.0, 2343.0, 2594.0, 700.0, 0.0, 1617.0, 1841.0, 2960.0, 3397.0, 3276.0, 3200.0, 2662.0, 3140.0, 2247.0, 1953.0, 5489.0, 6276.0, 6850.0, 6821.0, 5703.0, 4867.0, 5464.0, 5138.0, 4073.0, 3309.0, 2728.0, 4050.0, 4750.0, 5213.0, 4163.0, 3772.0, 3500.0, 5162.0, 5727.0, 6444.0, 7104.0, 6757.0, 6185.0, 8411.0, 8592.0, 8336.0, 9855.0, 8852.0, 9205.0, 9876.0, 9801.0, 8698.0, 7845.0, 7299.0, 8800.0, 9500.0, 9841.0, 8740.0, 8051.0, 7622.0, 9364.0, 10024.0, 11004.0, 11671.0, 11463.0, 10854.0, 12509.0, 12385.0, 11712.0, 16306.0, 14483.0, 14808.0, 14880.0, 6411.0, 9003.0, 9250.0},
    {8009.0, 7204.0, 4398.0, 4308.0, 2950.0, 3155.0, 3697.0, 3763.0, 1843.0, 1617.0, 0.0, 1118.0, 2144.0, 2665.0, 1838.0, 1611.0, 1280.0, 1913.0, 3273.0, 3273.0, 6961.0, 7822.0, 8456.0, 8223.0, 7115.0, 5767.0, 6255.0, 5590.0, 4681.0, 4140.0, 3588.0, 4161.0, 4815.0, 4750.0, 3632.0, 2840.0, 2413.0, 4159.0, 4813.0, 5838.0, 6502.0, 7024.0, 6569.0, 9331.0, 9676.0, 9595.0, 10780.0, 9719.0, 9607.0, 10238.0, 9946.0, 8887.0, 8107.0, 7531.0, 8738.0, 9427.0, 9500.0, 8382.0, 7527.0, 7047.0, 8737.0, 9426.0, 10566.0, 11226.0, 11536.0, 10987.0, 13070.0, 13084.0, 12560.0, 16940.0, 14190.0, 14310.0, 14352.0, 5820.0, 10461.0, 10718.0},
    {7803.0, 6894.0, 4307.0, 4397.0, 3153.0, 2950.0, 3228.0, 3129.0, 1615.0, 1841.0, 1118.0, 0.0, 1164.0, 1657.0, 1611.0, 1838.0, 2284.0, 2948.0, 3967.0, 3779.0, 7313.0, 8047.0, 8501.0, 8659.0, 7541.0, 6564.0, 7108.0, 6566.0, 5592.0, 4950.0, 4373.0, 5210.0, 5880.0, 5868.0, 4750.0, 3930.0, 3476.0, 5209.0, 5879.0, 6948.0, 7611.0, 8061.0, 7573.0, 10135.0, 10383.0, 10171.0, 11584.0, 10551.0, 10618.0, 11262.0, 11018.0, 9948.0, 9150.0, 8579.0, 9839.0, 10531.0, 10618.0, 9500.0, 8640.0, 8158.0, 9839.0, 10530.0, 11682.0, 12341.0, 12623.0, 12064.0, 14038.0, 14000.0, 13408.0, 17887.0, 15308.0, 15419.0, 15458.0, 4799.0, 9928.0, 10199.0},
    {8500.0, 7517.0, 5168.0, 5361.0, 4207.0, 3804.0, 3850.0, 3585.0, 2595.0, 2960.0, 2144.0, 1164.0, 0.0, 522.0, 1390.0, 1991.0, 3050.0, 3703.0, 5128.0, 4912.0, 8363.0, 9031.0, 9374.0, 9737.0, 8620.0, 7728.0, 8271.0, 7703.0, 6747.0, 6114.0, 5538.0, 6304.0, 6959.0, 6801.0, 5691.0, 4750.0, 4253.0, 5911.0, 6605.0, 7800.0, 8451.0, 9165.0, 8698.0, 11298.0, 11536.0, 11293.0, 12748.0, 11715.0, 11741.0, 12377.0, 12087.0, 11031.0, 10250.0, 9675.0, 10857.0, 11542.0, 11534.0, 10419.0, 9500.0, 9001.0, 10634.0, 11332.0, 12550.0, 13201.0, 13669.0, 13127.0, 15182.0, 15158.0, 14572.0, 19038.0, 16220.0, 16237.0, 16260.0, 3677.0, 10279.0, 10562.0},
    {8664.0, 7650.0, 5441.0, 5686.0, 4592.0, 4092.0, 4031.0, 3700.0, 2968.0, 3397.0, 2665.0, 1657.0, 522.0, 0.0, 1746.0, 2404.0, 3553.0, 4200.0, 5597.0, 5348.0, 8727.0, 9350.0, 9629.0, 10119.0, 9005.0, 8207.0, 8760.0, 8214.0, 7249.0, 6600.0, 6021.0, 6824.0, 7480.0, 7315.0, 6207.0, 5252.0, 4750.0, 6388.0, 7085.0, 8301.0, 8950.0, 9685.0, 9214.0, 11774.0, 11988.0, 11710.0, 13222.0, 12197.0, 12258.0, 12895.0, 12609.0, 11553.0, 10770.0, 10195.0, 11378.0, 12062.0, 12043.0, 10929.0, 10001.0, 9500.0, 11122.0, 11821.0, 13051.0, 13700.0, 14191.0, 13649.0, 15691.0, 15656.0, 15055.0, 19543.0, 16727.0, 16727.0, 16747.0, 3158.0, 10268.0, 10556.0},
    {9414.0, 8502.0, 5900.0, 5941.0, 4637.0, 4553.0, 4827.0, 4682.0, 3200.0, 3276.0, 1838.0, 1611.0, 1390.0, 1746.0, 0.0, 700.0, 2127.0, 2693.0, 5111.0, 5088.0, 8745.0, 9551.0, 10074.0, 10037.0, 8924.0, 7574.0, 8032.0, 7259.0, 6428.0, 5951.0, 5411.0, 5727.0, 6320.0, 5881.0, 4815.0, 3748.0, 3227.0, 4750.0, 5450.0, 6754.0, 7383.0, 8566.0, 8184.0, 11124.0, 11503.0, 11433.0, 12569.0, 11495.0, 11183.0, 11783.0, 11358.0, 10346.0, 9625.0, 9043.0, 10024.0, 10690.0, 10532.0, 9428.0, 8443.0, 7931.0, 9500.0, 10200.0, 11482.0, 12120.0, 12875.0, 12377.0, 14701.0, 14783.0, 14319.0, 18594.0, 15190.0, 15102.0, 15110.0, 4533.0, 11470.0, 11746.0},
    {9522.0, 8661.0, 5941.0, 5900.0, 4552.0, 4638.0, 5033.0, 4965.0, 3276.0, 3200.0, 1611.0, 1838.0, 1991.0, 2404.0, 700.0, 0.0, 1512.0, 2025.0, 4793.0, 4863.0, 8563.0, 9433.0, 10050.0, 9804.0, 8702.0, 7156.0, 7574.0, 6727.0, 5954.0, 5549.0, 5036.0, 5162.0, 5727.0, 5211.0, 4161.0, 3070.0, 2548.0, 4050.0, 4750.0, 6060.0, 6687.0, 7974.0, 7622.0, 10675.0, 11110.0, 11116.0, 12112.0, 11026.0, 10595.0, 11183.0, 10720.0, 9722.0, 9021.0, 8438.0, 9364.0, 10024.0, 9840.0, 8739.0, 7747.0, 7234.0, 8800.0, 9500.0, 10784.0, 11421.0, 12220.0, 11733.0, 14131.0, 14247.0, 13829.0, 18030.0, 14494.0, 14402.0, 14410.0, 5229.0, 11762.0, 12032.0},
    {9031.0, 8298.0, 5413.0, 5202.0, 3841.0, 4281.0, 4912.0, 5020.0, 3054.0, 2662.0, 1280.0, 2284.0, 3050.0, 3553.0, 2127.0, 1512.0, 0.0, 667.0, 3609.0, 3850.0, 7528.0, 8500.0, 9285.0, 8668.0, 7595.0, 5774.0, 6144.0, 5236.0, 4517.0, 4209.0, 3747.0, 3655.0, 4216.0, 3784.0, 2698.0, 1700.0, 1209.0, 2926.0, 3602.0, 4750.0, 5402.0, 6462.0, 6114.0, 9242.0, 9737.0, 9843.0, 10670.0, 9574.0, 9083.0, 9673.0, 9231.0, 8222.0, 7512.0, 6929.0, 7907.0, 8578.0, 8493.0, 7380.0, 6450.0, 5952.0, 7598.0, 8294.0, 9500.0, 10151.0, 10753.0, 10250.0, 12620.0, 12748.0, 12357.0, 16520.0, 13174.0, 13196.0, 13224.0, 6600.0, 11649.0, 11900.0},
    {9408.0, 8727.0, 5814.0, 5536.0, 4203.0, 4763.0, 5449.0, 5597.0, 3607.0, 3140.0, 1913.0, 2948.0, 3703.0, 4200.0, 2693.0, 2025.0, 667.0, 0.0, 3700.0, 4052.0, 7650.0, 8674.0, 9541.0, 8713.0, 7670.0, 5627.0, 5930.0, 4914.0, 4311.0, 4136.0, 3741.0, 3297.0, 3791.0, 3189.0, 2140.0, 1061.0, 550.0, 2261.0, 2935.0, 4103.0, 4750.0, 6021.0, 5728.0, 9005.0, 9572.0, 9775.0, 10415.0, 9307.0, 8640.0, 9209.0, 8704.0, 7720.0, 7046.0, 6464.0, 7339.0, 8001.0, 7861.0, 6752.0, 5802.0, 5300.0, 6935.0, 7632.0, 8851.0, 9500.0, 10195.0, 9712.0, 12197.0, 12375.0, 12049.0, 16102.0, 12536.0, 12536.0, 12562.0, 7209.0, 12142.0, 12387.0},
    {6180.0, 5766.0, 3002.0, 2421.0, 1698.0, 2811.0, 3712.0, 4200.0, 2864.0, 2247.0, 3273.0, 3967.0, 5128.0, 5597.0, 5111.0, 4793.0, 3609.0, 3700.0, 0.0, 716.0, 3950.0, 4992.0, 5961.0, 5060.0, 3988.0, 2622.0, 3221.0, 3062.0, 1949.0, 1092.0, 550.0, 2462.0, 3092.0, 4150.0, 3409.0, 3702.0, 3741.0, 4897.0, 5242.0, 5423.0, 6021.0, 4750.0, 4111.0, 6178.0, 6427.0, 6328.0, 7625.0, 6610.0, 7061.0, 7747.0, 7809.0, 6695.0, 5808.0, 5300.0, 7004.0, 7694.0, 8298.0, 7255.0, 6800.0, 6464.0, 8184.0, 8782.0, 9535.0, 10195.0, 9500.0, 8855.0, 10288.0, 10140.0, 9470.0, 14066.0, 12799.0, 13337.0, 13444.0, 8655.0, 9393.0, 9592.0},
    {5561.0, 5092.0, 2290.0, 1733.0, 1053.0, 2162.0, 3050.0, 3563.0, 2460.0, 1953.0, 3273.0, 3779.0, 4912.0, 5348.0, 5088.0, 4863.0, 3850.0, 4052.0, 716.0, 0.0, 3707.0, 4650.0, 5494.0, 4951.0, 3842.0, 3046.0, 3700.0, 3711.0, 2597.0, 1700.0, 1237.0, 3176.0, 3808.0, 4837.0, 4042.0, 4209.0, 4176.0, 5471.0, 5860.0, 6114.0, 6720.0, 5408.0, 4750.0, 6518.0, 6647.0, 6393.0, 7951.0, 6980.0, 7645.0, 8337.0, 8459.0, 7345.0, 6450.0, 5958.0, 7698.0, 8385.0, 9011.0, 7970.0, 7512.0, 7170.0, 8893.0, 9495.0, 10250.0, 10910.0, 10154.0, 9500.0, 10786.0, 10577.0, 9833.0, 14517.0, 13499.0, 14051.0, 14159.0, 8317.0, 8708.0, 8912.0},
    {3833.0, 4200.0, 3572.0, 3100.0, 4162.0, 4726.0, 5197.0, 5766.0, 5769.0, 5489.0, 6961.0, 7313.0, 8363.0, 8727.0, 8745.0, 8563.0, 7528.0, 7650.0, 3950.0, 3707.0, 0.0, 1193.0, 2550.0, 1450.0, 550.0, 3260.0, 3758.0, 4880.0, 4270.0, 3798.0, 3988.0, 5581.0, 5886.0, 7414.0, 7026.0, 7573.0, 7670.0, 8622.0, 8823.0, 8548.0, 9005.0, 6178.0, 5489.0, 4750.0, 4220.0, 3319.0, 5886.0, 5300.0, 7322.0, 7985.0, 8685.0, 7697.0, 6853.0, 6610.0, 8610.0, 9181.0, 10325.0, 9506.0, 9481.0, 9307.0, 10832.0, 11291.0, 11601.0, 12197.0, 10288.0, 9573.0, 9500.0, 8906.0, 7788.0, 12748.0, 14182.0, 15173.0, 15345.0, 11385.0, 7433.0, 7527.0},
    {3050.0, 3688.0, 3963.0, 3669.0, 4915.0, 5264.0, 5561.0, 6091.0, 6452.0, 6276.0, 7822.0, 8047.0, 9031.0, 9350.0, 9551.0, 9433.0, 8500.0, 8674.0, 4992.0, 4650.0, 1193.0, 0.0, 1433.0, 1700.0, 1562.0, 4443.0, 4915.0, 6068.0, 5457.0, 4951.0, 5093.0, 6757.0, 7076.0, 8595.0, 8174.0, 8668.0, 8733.0, 9760.0, 9984.0, 9737.0, 10197.0, 7325.0, 6647.0, 5492.0, 4750.0, 3569.0, 6450.0, 6033.0, 8301.0, 8942.0, 9727.0, 8774.0, 7951.0, 7740.0, 9738.0, 10290.0, 11475.0, 10677.0, 10670.0, 10499.0, 12018.0, 12469.0, 12748.0, 13336.0, 11293.0, 10577.0, 10199.0, 9500.0, 8280.0, 13235.0, 15239.0, 16281.0, 16460.0, 11816.0, 6561.0, 6622.0},
    {1931.0, 2860.0, 4209.0, 4150.0, 5507.0, 5576.0, 5645.0, 6100.0, 6886.0, 6850.0, 8456.0, 8501.0, 9374.0, 9629.0, 10074.0, 10050.0, 9285.0, 9541.0, 5961.0, 5494.0, 2550.0, 1433.0, 0.0, 3032.0, 2982.0, 5799.0, 6308.0, 7407.0, 6711.0, 6109.0, 6158.0, 7958.0, 8336.0, 9801.0, 9284.0, 9661.0, 9666.0, 10835.0, 11116.0, 10984.0, 11474.0, 8726.0, 8039.0, 6864.0, 6041.0, 4750.0, 7732.0, 7398.0, 9729.0, 10367.0, 11159.0, 10204.0, 9376.0, 9152.0, 11152.0, 11712.0, 12874.0, 12052.0, 11997.0, 11801.0, 13358.0, 13829.0, 14149.0, 14744.0, 12723.0, 12008.0, 11526.0, 10773.0, 9500.0, 14422.0, 16671.0, 17705.0, 17881.0, 11807.0, 5224.0, 5261.0},
    {4750.0, 5344.0, 5022.0, 4539.0, 5531.0, 6159.0, 6647.0, 7216.0, 7152.0, 6821.0, 8223.0, 8659.0, 9737.0, 10119.0, 10037.0, 9804.0, 8668.0, 8713.0, 5060.0, 4951.0, 1450.0, 1700.0, 3032.0, 0.0, 1118.0, 3621.0, 3891.0, 5206.0, 4884.0, 4650.0, 4975.0, 6248.0, 6408.0, 8009.0, 7803.0, 8500.0, 8664.0, 9414.0, 9522.0, 9031.0, 9408.0, 6180.0, 5561.0, 3833.0, 3050.0, 1931.0, 4750.0, 4366.0, 6792.0, 7403.0, 8291.0, 7410.0, 6647.0, 6524.0, 8488.0, 8985.0, 10286.0, 9588.0, 9737.0, 9638.0, 11029.0, 11416.0, 11536.0, 12092.0, 9793.0, 9081.0, 8509.0, 7800.0, 6587.0, 11548.0, 13798.0, 14942.0, 15136.0, 12823.0, 8238.0, 8287.0},
    {4366.0, 4750.0, 3991.0, 3465.0, 4415.0, 5072.0, 5602.0, 6178.0, 6037.0, 5703.0, 7115.0, 7541.0, 8620.0, 9005.0, 8924.0, 8702.0, 7595.0, 7670.0, 3988.0, 3842.0, 550.0, 1562.0, 2982.0, 1118.0, 0.0, 2926.0, 3360.0, 4556.0, 4049.0, 3684.0, 3950.0, 5393.0, 5640.0, 7204.0, 6894.0, 7517.0, 7650.0, 8502.0, 8661.0, 8298.0, 8727.0, 5766.0, 5092.0, 4200.0, 3688.0, 2860.0, 5344.0, 4750.0, 6806.0, 7464.0, 8194.0, 7224.0, 6394.0, 6178.0, 8176.0, 8731.0, 9915.0, 9128.0, 9155.0, 9005.0, 10490.0, 10928.0, 11187.0, 11774.0, 9783.0, 9067.0, 8950.0, 8360.0, 7252.0, 12209.0, 13700.0, 14723.0, 14900.0, 11736.0, 7960.0, 8048.0},
    {6792.0, 6806.0, 4750.0, 4050.0, 4073.0, 5138.0, 5972.0, 6525.0, 5464.0, 4867.0, 5767.0, 6564.0, 7728.0, 8207.0, 7574.0, 7156.0, 5774.0, 5627.0, 2622.0, 3046.0, 3260.0, 4443.0, 5799.0, 3621.0, 2926.0, 0.0, 700.0, 1629.0, 1368.0, 1628.0, 2193.0, 2700.0, 2789.0, 4398.0, 4307.0, 5168.0, 5441.0, 5900.0, 5941.0, 5413.0, 5814.0, 3002.0, 2290.0, 3572.0, 3963.0, 4209.0, 5022.0, 3991.0, 4750.0, 5450.0, 5818.0, 4740.0, 3842.0, 3489.0, 5464.0, 6082.0, 7110.0, 6256.0, 6231.0, 6080.0, 7574.0, 8032.0, 8390.0, 9003.0, 7501.0, 6807.0, 7748.0, 7536.0, 6850.0, 11473.0, 11189.0, 12039.0, 12195.0, 11277.0, 10353.0, 10491.0},
    {7403.0, 7464.0, 5450.0, 4750.0, 4739.0, 5816.0, 6659.0, 7208.0, 6082.0, 5464.0, 6255.0, 7108.0, 8271.0, 8760.0, 8032.0, 7574.0, 6144.0, 5930.0, 3221.0, 3700.0, 3758.0, 4915.0, 6308.0, 3891.0, 3360.0, 700.0, 0.0, 1369.0, 1628.0, 2163.0, 2746.0, 2789.0, 2700.0, 4308.0, 4397.0, 5361.0, 5686.0, 5941.0, 5900.0, 5202.0, 5536.0, 2421.0, 1733.0, 3100.0, 3669.0, 4150.0, 4539.0, 3465.0, 4050.0, 4750.0, 5139.0, 4074.0, 3185.0, 2873.0, 4867.0, 5464.0, 6566.0, 5768.0, 5849.0, 5748.0, 7156.0, 7574.0, 7842.0, 8442.0, 6817.0, 6119.0, 7087.0, 6921.0, 6308.0, 10846.0, 10544.0, 11443.0, 11607.0, 11858.0, 10983.0, 11113.0},
    {8291.0, 8194.0, 5818.0, 5139.0, 4750.0, 5865.0, 6760.0, 7259.0, 5816.0, 5138.0, 5590.0, 6566.0, 7703.0, 8214.0, 7259.0, 6727.0, 5236.0, 4914.0, 3062.0, 3711.0, 4880.0, 6068.0, 7407.0, 5206.0, 4556.0, 1629.0, 1369.0, 0.0, 1115.0, 2014.0, 2512.0, 1624.0, 1363.0, 2950.0, 3153.0, 4207.0, 4592.0, 4637.0, 4552.0, 3841.0, 4203.0, 1698.0, 1053.0, 4162.0, 4915.0, 5507.0, 5531.0, 4415.0, 4073.0, 4739.0, 4750.0, 3635.0, 2746.0, 2247.0, 4071.0, 4738.0, 5593.0, 4680.0, 4603.0, 4453.0, 5953.0, 6427.0, 6871.0, 7503.0, 6444.0, 5794.0, 7481.0, 7524.0, 7135.0, 11352.0, 9876.0, 10591.0, 10730.0, 11365.0, 11799.0, 11955.0},
    {7410.0, 7224.0, 4740.0, 4074.0, 3635.0, 4750.0, 5645.0, 6145.0, 4739.0, 4073.0, 4681.0, 5592.0, 6747.0, 7249.0, 6428.0, 5954.0, 4517.0, 4311.0, 1949.0, 2597.0, 4270.0, 5457.0, 6711.0, 4884.0, 4049.0, 1368.0, 1628.0, 1115.0, 0.0, 906.0, 1401.0, 1364.0, 1625.0, 3155.0, 2950.0, 3804.0, 4092.0, 4553.0, 4638.0, 4281.0, 4763.0, 2811.0, 2162.0, 4726.0, 5264.0, 5576.0, 6159.0, 5072.0, 5138.0, 5816.0, 5865.0, 4750.0, 3860.0, 3360.0, 5137.0, 5815.0, 6567.0, 5591.0, 5343.0, 5107.0, 6727.0, 7259.0, 7835.0, 8480.0, 7558.0, 6909.0, 8460.0, 8412.0, 7891.0, 12295.0, 10948.0, 11596.0, 11723.0, 10381.0, 10854.0, 11022.0},
    {6647.0, 6394.0, 3842.0, 3185.0, 2746.0, 3860.0, 4750.0, 5259.0, 3946.0, 3309.0, 4140.0, 4950.0, 6114.0, 6600.0, 5951.0, 5549.0, 4209.0, 4136.0, 1092.0, 1700.0, 3798.0, 4951.0, 6109.0, 4650.0, 3684.0, 1628.0, 2163.0, 2014.0, 906.0, 0.0, 583.0, 1860.0, 2343.0, 3697.0, 3228.0, 3850.0, 4031.0, 4827.0, 5033.0, 4912.0, 5449.0, 3712.0, 3050.0, 5197.0, 5561.0, 5645.0, 6647.0, 5602.0, 5972.0, 6659.0, 6760.0, 5645.0, 4750.0, 4261.0, 6039.0, 6720.0, 7438.0, 6439.0, 6114.0, 5836.0, 7504.0, 8062.0, 8698.0, 9349.0, 8455.0, 7800.0, 9205.0, 9081.0, 8457.0, 12997.0, 11849.0, 12474.0, 12596.0, 9695.0, 10032.0, 10210.0},
    {6524.0, 6178.0, 3489.0, 2873.0, 2247.0, 3360.0, 4261.0, 4750.0, 3371.0, 2728.0, 3588.0, 4373.0, 5538.0, 6021.0, 5411.0, 5036.0, 3747.0, 3741.0, 550.0, 1237.0, 3988.0, 5093.0, 6158.0, 4975.0, 3950.0, 2193.0, 2746.0, 2512.0, 1401.0, 583.0, 0.0, 2000.0, 2594.0, 3763.0, 3129.0, 3585.0, 3700.0, 4682.0, 4965.0, 5020.0, 5597.0, 4200.0, 3563.0, 5766.0, 6091.0, 6100.0, 7216.0, 6178.0, 6525.0, 7208.0, 7259.0, 6145.0, 5259.0, 4750.0, 6462.0, 7151.0, 7782.0, 6751.0, 6338.0, 6021.0, 7725.0, 8310.0, 9027.0, 9685.0, 8950.0, 8305.0, 9783.0, 9664.0, 9035.0, 13580.0, 12262.0, 12823.0, 12935.0, 9112.0, 9816.0, 10006.0},
